%YAML:1.0
R: !!opencv-matrix
   rows: 3
   cols: 3
   dt: d
   data: [ 9.9995862719578377e-01, -2.6347439289490680e-04,
       -9.0925506854647366e-03, 2.7429270195308375e-04,
       9.9999925602904016e-01, 1.1885726229148279e-03,
       9.0922307624208398e-03, -1.1910174686275668e-03,
       9.9995795552470712e-01 ]
T: !!opencv-matrix
   rows: 3
   cols: 1
   dt: d
   data: [ -7.9572718818790342e-02, -3.9960712847540033e-05,
       -6.1660849814783227e-04 ]
R1: !!opencv-matrix
   rows: 3
   cols: 3
   dt: d
   data: [ 9.9999907151489731e-01, 2.2948024876950026e-04,
       -1.3432453828922820e-03, -2.2868028142386708e-04,
       9.9999979644039039e-01, 5.9567147534030996e-04,
       1.3433818043001233e-03, -5.9536374853603493e-04,
       9.9999892043308480e-01 ]
R2: !!opencv-matrix
   rows: 3
   cols: 3
   dt: d
   data: [ 9.9996985181365317e-01, 5.0217598063067421e-04,
       7.7487600985699928e-03, -4.9756133262235792e-04,
       9.9999969774305753e-01, -5.9745000942571620e-04,
       -7.7490577814978197e-03, 5.9357651399068667e-04,
       9.9996979942917341e-01 ]
P1: !!opencv-matrix
   rows: 3
   cols: 4
   dt: d
   data: [ 4.1271443936532944e+02, 0., 3.1800573730468750e+02, 0., 0.,
       4.1271443936532944e+02, 2.0075852012634277e+02, 0., 0., 0., 1.,
       0. ]
P2: !!opencv-matrix
   rows: 3
   cols: 4
   dt: d
   data: [ 4.1271443936532944e+02, 0., 3.1800573730468750e+02,
       -3.2841800156783165e+01, 0., 4.1271443936532944e+02,
       2.0075852012634277e+02, 0., 0., 0., 1., 0. ]
Q: !!opencv-matrix
   rows: 4
   cols: 4
   dt: d
   data: [ 1., 0., 0., -3.1800573730468750e+02, 0., 1., 0.,
       -2.0075852012634277e+02, 0., 0., 0., 4.1271443936532944e+02, 0.,
       0., 1.2566742303865070e+01, 0. ]
