%YAML:1.0
M1: !!opencv-matrix
   rows: 3
   cols: 3
   dt: d
   data: [ 4.2455528806567963e+02, 0., 3.1946925148721266e+02, 0.,
       4.2455528806567963e+02, 1.9978589506123578e+02, 0., 0., 1. ]
D1: !!opencv-matrix
   rows: 1
   cols: 8
   dt: d
   data: [ -1.6244805060515365e-02, 2.8144016829280151e-03, 0., 0., 0.,
       0., 0., 1.6267676928671284e-02 ]
M2: !!opencv-matrix
   rows: 3
   cols: 3
   dt: d
   data: [ 4.2455528806567963e+02, 0., 3.2076172751665928e+02, 0.,
       4.2455528806567963e+02, 2.0171686856751941e+02, 0., 0., 1. ]
D2: !!opencv-matrix
   rows: 1
   cols: 8
   dt: d
   data: [ -1.9012907185872299e-02, -7.0388523232329256e-04, 0., 0., 0.,
       0., 0., -5.1542818962598816e-03 ]
